proj:       99
zone:       0
north:      447506.811
south:      446953.3186
east:       84642.8176
west:       84202.1172
cols:       488
rows:       613
e-w resol:  0.90307459
n-s resol:  0.90292398
top:        1.000000000000000
bottom:     0.000000000000000
cols3:      488
rows3:      613
depths:     1
e-w resol3: 0.90307459
n-s resol3: 0.90292398
t-b resol:  1
