proj:       99
zone:       0
north:      447506.811
south:      446953.3186
east:       84642.8176
west:       84202.1172
cols:       488
rows:       613
e-w resol:  0.90307459
n-s resol:  0.90292398
format:     1
compressed: 5
